{
  "input_dir": "/home/zzh/project/Pacman/Language-of-Problem-Solving/HumanData/grammar/session2",
  "file_count": 34,
  "labels": [
    1,
    0,
    0,
    0,
    0,
    0,
    0,
    0,
    0,
    1,
    0,
    0,
    0,
    0,
    1,
    0,
    1,
    0,
    0,
    0,
    0,
    0,
    0,
    0,
    1,
    0,
    1,
    0,
    0,
    0,
    0,
    0,
    1,
    0
  ],
  "features": [
    [
      0.4622496147919877,
      0.5377503852080123,
      0.0
    ],
    [
      0.5288736420811891,
      0.25614636935391655,
      0.2149799885648942
    ],
    [
      0.5049875311720698,
      0.38154613466334164,
      0.11346633416458854
    ],
    [
      0.5222186182289978,
      0.2682452156989945,
      0.2095361660720078
    ],
    [
      0.5508326029798423,
      0.22611744084136723,
      0.22304995617879053
    ],
    [
      0.5183956574185765,
      0.2572376357056695,
      0.22436670687575394
    ],
    [
      0.5378196500672947,
      0.32462987886944816,
      0.13755047106325707
    ],
    [
      0.486672710788758,
      0.3419764279238441,
      0.171350861287398
    ],
    [
      0.5402997164844067,
      0.233697853381936,
      0.22600243013365737
    ],
    [
      0.4630642954856361,
      0.5369357045143639,
      0.0
    ],
    [
      0.5219017094017093,
      0.2673611111111111,
      0.2107371794871795
    ],
    [
      0.4752884449801963,
      0.335457206819356,
      0.18925434820044776
    ],
    [
      0.47658896194461053,
      0.32835226140665474,
      0.19505877664873478
    ],
    [
      0.5355371900826446,
      0.24561983471074378,
      0.21884297520661158
    ],
    [
      0.4042086804033319,
      0.5050416483998246,
      0.09074967119684349
    ],
    [
      0.48419741553791057,
      0.3378483574653589,
      0.17795422699673052
    ],
    [
      0.4630642954856361,
      0.5369357045143639,
      0.0
    ],
    [
      0.5111867704280155,
      0.2534046692607004,
      0.23540856031128404
    ],
    [
      0.5259627329192547,
      0.2613664596273292,
      0.21267080745341616
    ],
    [
      0.5708635464733025,
      0.23335530652603825,
      0.19578114700065918
    ],
    [
      0.47943595769682723,
      0.3347322477757261,
      0.1858317945274467
    ],
    [
      0.5873856523832451,
      0.30813673567645644,
      0.1044776119402985
    ],
    [
      0.5488327775131014,
      0.2286803239637923,
      0.2224868985231062
    ],
    [
      0.4633569739952718,
      0.3356973995271868,
      0.20094562647754136
    ],
    [
      0.4622496147919877,
      0.5377503852080123,
      0.0
    ],
    [
      0.5317042994123106,
      0.262604392205382,
      0.20569130838230745
    ],
    [
      0.4316320100819156,
      0.5154379332073094,
      0.052930056710775046
    ],
    [
      0.5392895586652314,
      0.2375313957660567,
      0.22317904556871188
    ],
    [
      0.48069453963902214,
      0.33310486634681286,
      0.18620059401416494
    ],
    [
      0.5588925387142187,
      0.22712341623650867,
      0.21398404504927265
    ],
    [
      0.46849757673667203,
      0.356796676667436,
      0.174705746595892
    ],
    [
      0.4961351788603272,
      0.34118281502786263,
      0.16268200611181016
    ],
    [
      0.4316320100819156,
      0.5154379332073094,
      0.052930056710775046
    ],
    [
      0.5873856523832451,
      0.30813673567645644,
      0.1044776119402985
    ]
  ],
  "clusters": [
    {
      "label": 0,
      "indices": [
        1,
        2,
        3,
        4,
        5,
        6,
        7,
        8,
        10,
        11,
        12,
        13,
        15,
        17,
        18,
        19,
        20,
        21,
        22,
        23,
        25,
        27,
        28,
        29,
        30,
        31,
        33
      ],
      "input_file_names": [
        "041122-401.pkl",
        "041122-403.pkl",
        "041222-401.pkl",
        "051122-401.pkl",
        "051122-402.pkl",
        "051122-501.pkl",
        "071122-401.pkl",
        "071122-402.pkl",
        "081122-401.pkl",
        "091122-401.pkl",
        "101122-401.pkl",
        "101122-402.pkl",
        "131122-402.pkl",
        "141222-401.pkl",
        "141222-402.pkl",
        "151122-401.pkl",
        "161122-401.pkl",
        "161122-402.pkl",
        "161122-403.pkl",
        "161122-404.pkl",
        "180522-502.pkl",
        "231122-401.pkl",
        "231122-402.pkl",
        "241122-401.pkl",
        "241122-402.pkl",
        "301122-402.pkl",
        "311022-501.pkl"
      ],
      "participant_file_names": [
        "041122-401.pkl",
        "041122-403.pkl",
        "041222-401.pkl",
        "051122-401.pkl",
        "051122-402.pkl",
        "051122-501.pkl",
        "071122-401.pkl",
        "071122-402.pkl",
        "081122-401.pkl",
        "091122-401.pkl",
        "101122-401.pkl",
        "101122-402.pkl",
        "131122-402.pkl",
        "141222-401.pkl",
        "141222-402.pkl",
        "151122-401.pkl",
        "161122-401.pkl",
        "161122-402.pkl",
        "161122-403.pkl",
        "161122-404.pkl",
        "180522-502.pkl",
        "231122-401.pkl",
        "231122-402.pkl",
        "241122-401.pkl",
        "241122-402.pkl",
        "301122-402.pkl",
        "311022-501.pkl"
      ],
      "grammar_book": [
        "1",
        "2",
        "A",
        "E",
        "G",
        "L",
        "N",
        "S",
        "V",
        "EA",
        "GL",
        "LG",
        "EAG",
        "EAL",
        "LEA",
        "SEA",
        "EAGL"
      ],
      "component_book": [
        [
          "1",
          ""
        ],
        [
          "2",
          ""
        ],
        [
          "A",
          ""
        ],
        [
          "E",
          ""
        ],
        [
          "G",
          ""
        ],
        [
          "L",
          ""
        ],
        [
          "N",
          ""
        ],
        [
          "S",
          ""
        ],
        [
          "V",
          ""
        ],
        [
          "E",
          "A"
        ],
        [
          "G",
          "L"
        ],
        [
          "L",
          "G"
        ],
        [
          "EA",
          "G"
        ],
        [
          "EA",
          "L"
        ],
        [
          "L",
          "EA"
        ],
        [
          "S",
          "EA"
        ],
        [
          "EA",
          "GL"
        ]
      ]
    },
    {
      "label": 1,
      "indices": [
        0,
        9,
        14,
        16,
        24,
        26,
        32
      ],
      "input_file_names": [
        "031222-401.pkl",
        "071122-403.pkl",
        "111122-401.pkl",
        "131222-401.pkl",
        "171122-401.pkl",
        "211122-402.pkl",
        "311022-401.pkl"
      ],
      "participant_file_names": [
        "031222-401.pkl",
        "071122-403.pkl",
        "111122-401.pkl",
        "131222-401.pkl",
        "171122-401.pkl",
        "211122-402.pkl",
        "311022-401.pkl"
      ],
      "grammar_book": [
        "1",
        "2",
        "A",
        "E",
        "G",
        "L",
        "N",
        "S",
        "V",
        "EA",
        "GL",
        "LE",
        "LG",
        "LEA"
      ],
      "component_book": [
        [
          "1",
          ""
        ],
        [
          "2",
          ""
        ],
        [
          "A",
          ""
        ],
        [
          "E",
          ""
        ],
        [
          "G",
          ""
        ],
        [
          "L",
          ""
        ],
        [
          "N",
          ""
        ],
        [
          "S",
          ""
        ],
        [
          "V",
          ""
        ],
        [
          "E",
          "A"
        ],
        [
          "G",
          "L"
        ],
        [
          "L",
          "E"
        ],
        [
          "L",
          "G"
        ],
        [
          "L",
          "EA"
        ]
      ]
    }
  ]
}